9.473913792451525706e-02
4.584866686841094774e-01
2.413515717967118224e-01
2.719780084076708349e-01
2.984621019014472298e-01
1.000814720353519899e-01
3.349888977628320275e-01
1.614452041787690362e-01
7.072270345467160935e-01
7.931282958035911212e-01
3.874148306661677754e-01
3.077751149539545983e-01
2.295020537439331765e-01
4.117741463332104113e-01
3.795448760207295602e-01
1.964217418027733586e-01
1.786115067363949649e+00
4.145080243276083598e-01
3.142353291734236720e-01
3.767028610398466260e-01
3.006023617883113452e-01
2.321782038913869084e-01
4.385581600626741738e-01
6.662574033639544202e-02
2.415527554584558090e-02
4.772256029866984717e-01
4.850940693095296408e-01
7.173017806431637444e-01
3.694828616894749174e-01
4.284096277427125454e-02
4.387662738677536312e-01
5.437794560180220227e-02
3.329434556192230610e-01
6.256769227269119993e-01
1.350434766980563417e+00
3.461569251563985095e-01
7.455678973683973476e-01
4.875189005156971289e-01
2.808724725644315967e-01
5.977875517926890814e-02
4.207876711434868633e-01
7.189190147397969133e-01
3.289414945754028374e-01
1.146646576114123545e-01
2.274645388854389161e+00
